Financials,2007-12-31,2008-12-31,2009-03-31,2009-06-30,2009-09-30,2009-12-31,2010-03-31,2010-06-30,2010-09-30,2010-12-31,2011-03-31,2011-06-30,2011-09-30,2011-12-31,2012-03-31,2012-06-30,2012-09-30,2012-12-31,2013-03-31,2013-06-30,2013-09-30,2013-12-31,2014-03-31,2014-06-30,2014-09-30,2014-12-31,2015-03-31,2015-06-30,2015-09-30,2015-12-31,2016-03-31,2016-06-30,2016-09-30,2016-12-31,2017-03-31,2017-06-30,2017-09-30,2017-12-31,2018-03-31,2018-06-30,2018-09-30,2018-12-31,2019-03-31,2019-06-30,2019-09-30,2019-12-31,2020-03-31,2020-06-30,2020-09-30,2020-12-31,2021-03-31,2021-06-30,2021-09-30,2021-12-31,2022-03-31,2022-06-30,2022-09-30,2022-12-31,2023-03-31,2023-06-30,2023-09-30,2023-12-31,2024-03-31,2024-06-30,2024-09-30,2024-12-31,2025-03-31,2025-06-30,2025-09-30,2025-12-31,2026-03-31
revenue,55243000000.0,63640000000.0,13286000000.0,15213000000.0,16573000000.0,62080000000.0,15587000000.0,17383000000.0,16936000000.0,67713000000.0,16530000000.0,20234000000.0,20706000000.0,76346000000.0,18022000000.0,20037000000.0,19592000000.0,77393000000.0,18527000000.0,20483000000.0,20629000000.0,80029000000.0,17779000000.0,21051000000.0,21335000000.0,80106000000.0,17352000000.0,18763000000.0,19422000000.0,73908000000.0,16788000000.0,19041000000.0,19935000000.0,26685000000.0,6064000000.0,6917000000.0,7473000000.0,28748000000.0,6896000000.0,7726000000.0,7504000000.0,29625000000.0,6751000000.0,7699000000.0,7642000000.0,29805000000.0,7153000000.0,6651000000.0,7446000000.0,28694000000.0,7585000000.0,7594000000.0,8122000000.0,31405000000.0,7746000000.0,7832000000.0,8032000000.0,31762000000.0,8019000000.0,8967000000.0,9141000000.0,35174000000.0,8793000000.0,9468000000.0,9911000000.0,37878000000.0,9301000000.0,10140000000.0,10845000000.0,40648000000.0,10146000000.0
cost_of_goods_sold,8711000000.0,9328000000.0,1971000000.0,2185000000.0,2320000000.0,9022000000.0,2372000000.0,2550000000.0,2290000000.0,9713000000.0,2295000000.0,2844000000.0,2847000000.0,10678000000.0,2442000000.0,2666000000.0,2584000000.0,10373000000.0,2489000000.0,2701000000.0,2618000000.0,10410000000.0,2374000000.0,2696000000.0,2734000000.0,10436000000.0,2229000000.0,2378000000.0,2383000000.0,9365000000.0,2096000000.0,2364000000.0,2432000000.0,9391000000.0,2177000000.0,2519000000.0,2735000000.0,10432000000.0,2615000000.0,2744000000.0,2618000000.0,10758000000.0,2465000000.0,2665000000.0,2605000000.0,10513000000.0,2402000000.0,2179000000.0,2416000000.0,9569000000.0,2274000000.0,2353000000.0,2596000000.0,10030000000.0,2608000000.0,2648000000.0,2935000000.0,11402000000.0,3038000000.0,3228000000.0,3165000000.0,12893000000.0,3195000000.0,3345000000.0,3366000000.0,13329000000.0,3031000000.0,3279000000.0,3487000000.0,13366000000.0,3241000000.0
gross_profit,14099000000.0,16377000000.0,3626000000.0,3949000000.0,4267000000.0,16013000000.0,4124000000.0,4511000000.0,4324000000.0,17495000000.0,4496000000.0,5429000000.0,5515000000.0,20419000000.0,5006000000.0,5454000000.0,5336000000.0,21004000000.0,5095000000.0,5216000000.0,5309000000.0,20807000000.0,4543000000.0,5101000000.0,5122000000.0,19331000000.0,4387000000.0,4481000000.0,4544000000.0,17429000000.0,3987000000.0,4285000000.0,4550000000.0,17294000000.0,3887000000.0,4398000000.0,4738000000.0,18316000000.0,4281000000.0,4982000000.0,4886000000.0,18867000000.0,4286000000.0,5034000000.0,5037000000.0,19292000000.0,4751000000.0,4472000000.0,5030000000.0,19125000000.0,5311000000.0,5241000000.0,5526000000.0,21375000000.0,5138000000.0,5184000000.0,5097000000.0,20360000000.0,4981000000.0,5739000000.0,5976000000.0,22281000000.0,5598000000.0,6123000000.0,6545000000.0,24549000000.0,6270000000.0,6861000000.0,7358000000.0,27282000000.0,6905000000.0
research_and_development,,334000000.0,,,,335000000.0,,,,391000000.0,,,,413000000.0,,,,415000000.0,,,,449000000.0,1552000000.0,,,433000000.0,1475000000.0,1548000000.0,1552000000.0,423000000.0,1468000000.0,1495000000.0,1537000000.0,429000000.0,1420000000.0,1621000000.0,1615000000.0,453000000.0,,,,383000000.0,,,,465000000.0,,,,495000000.0,,,,617000000.0,,,,642000000.0,,,,709000000.0,,,,759000000.0,,,,756000000.0,
selling_general_and_admin,,5795000000.0,,,,5638000000.0,,,,5904000000.0,,,,6664000000.0,,,,210000000.0,,,,187000000.0,40000000.0,,,165000000.0,41000000.0,41000000.0,33000000.0,162000000.0,46000000.0,37000000.0,36000000.0,161000000.0,51000000.0,40000000.0,35000000.0,164000000.0,,,,7107000000.0,,,,8296000000.0,,,,6962000000.0,,,,7783000000.0,,,,7472000000.0,,,,10016000000.0,,,,10388000000.0,,,,11634000000.0,
operating_expenses,5205000000.0,6129000000.0,1306000000.0,1520000000.0,1417000000.0,5973000000.0,1409000000.0,1605000000.0,1488000000.0,6295000000.0,1489000000.0,1717000000.0,1838000000.0,7077000000.0,1603000000.0,1850000000.0,1713000000.0,625000000.0,1704000000.0,1879000000.0,1710000000.0,636000000.0,1592000000.0,2227000000.0,1777000000.0,598000000.0,1516000000.0,1589000000.0,1585000000.0,585000000.0,1514000000.0,1532000000.0,1573000000.0,590000000.0,1471000000.0,1661000000.0,1650000000.0,617000000.0,1855000000.0,1889000000.0,1730000000.0,7490000000.0,2236000000.0,1847000000.0,2249000000.0,8761000000.0,1962000000.0,1741000000.0,1787000000.0,7457000000.0,1867000000.0,2112000000.0,2071000000.0,8400000000.0,1840000000.0,2128000000.0,2129000000.0,8114000000.0,2250000000.0,3173000000.0,2606000000.0,10725000000.0,2553000000.0,2679000000.0,2891000000.0,11147000000.0,2726000000.0,3149000000.0,3095000000.0,12390000000.0,3012000000.0
operating_income_ebit,8894000000.0,10248000000.0,2320000000.0,2429000000.0,2850000000.0,10040000000.0,2715000000.0,2906000000.0,2836000000.0,11200000000.0,3007000000.0,3712000000.0,3677000000.0,13342000000.0,3403000000.0,3604000000.0,3623000000.0,13863000000.0,3391000000.0,3337000000.0,3599000000.0,13515000000.0,2951000000.0,2874000000.0,3345000000.0,11702000000.0,2871000000.0,2892000000.0,2959000000.0,10623000000.0,2473000000.0,2753000000.0,2977000000.0,10903000000.0,2416000000.0,2737000000.0,3088000000.0,11581000000.0,2426000000.0,3093000000.0,3156000000.0,11377000000.0,2050000000.0,3187000000.0,2788000000.0,10531000000.0,2789000000.0,2731000000.0,3243000000.0,11668000000.0,3444000000.0,3129000000.0,3455000000.0,12975000000.0,3298000000.0,3056000000.0,2968000000.0,12246000000.0,2731000000.0,2566000000.0,3370000000.0,11556000000.0,3045000000.0,3444000000.0,3654000000.0,13402000000.0,3544000000.0,3712000000.0,4263000000.0,14892000000.0,3893000000.0
depreciation_and_amortization_expense,748000000.0,842000000.0,193000000.0,21000000.0,18000000.0,853000000.0,223000000.0,23000000.0,22000000.0,932000000.0,239000000.0,24000000.0,25000000.0,993000000.0,227000000.0,25000000.0,24000000.0,898000000.0,222000000.0,24000000.0,23000000.0,882000000.0,211000000.0,22000000.0,23000000.0,889000000.0,192000000.0,21000000.0,19000000.0,754000000.0,175000000.0,19000000.0,19000000.0,743000000.0,197000000.0,22000000.0,21000000.0,875000000.0,242000000.0,21000000.0,20000000.0,989000000.0,240000000.0,16000000.0,15000000.0,964000000.0,241000000.0,19000000.0,18000000.0,981000000.0,245000000.0,19000000.0,18000000.0,998000000.0,253000000.0,36000000.0,,1077000000.0,81000000.0,,,1398000000.0,367000000.0,445000000.0,498000000.0,1787000000.0,480000000.0,490000000.0,505000000.0,1996000000.0,510000000.0
interest_income,,217000000.0,,,,108000000.0,,,,98000000.0,,,,134000000.0,,,,148000000.0,,,,131000000.0,,,,118000000.0,,,,124000000.0,,,,178000000.0,,,,182000000.0,,,,190000000.0,,,,226000000.0,,,,110000000.0,,,,109000000.0,,,,180000000.0,,,,465000000.0,,,,620000000.0,,,,621000000.0,
interest_expense,,528000000.0,,,,905000000.0,,,,974000000.0,,,,934000000.0,,,,1007000000.0,,,,1104000000.0,,,,1170000000.0,,,,1132000000.0,,,,1069000000.0,,,,1096000000.0,,,,855000000.0,,,,796000000.0,,,,728000000.0,,,,737000000.0,,,,768000000.0,,,,1526000000.0,,,,,,,,,
tax_expense,2570000000.0,2787000000.0,645000000.0,639000000.0,775000000.0,2691000000.0,738000000.0,641000000.0,730000000.0,2826000000.0,807000000.0,1019000000.0,1024000000.0,3653000000.0,958000000.0,988000000.0,1088000000.0,3833000000.0,933000000.0,892000000.0,952000000.0,3670000000.0,776000000.0,752000000.0,918000000.0,3097000000.0,785000000.0,743000000.0,748000000.0,2688000000.0,630000000.0,716000000.0,764000000.0,2768000000.0,541000000.0,689000000.0,812000000.0,4307000000.0,559000000.0,644000000.0,691000000.0,2445000000.0,424000000.0,611000000.0,635000000.0,2293000000.0,596000000.0,528000000.0,640000000.0,2377000000.0,697000000.0,646000000.0,735000000.0,2671000000.0,619000000.0,594000000.0,622000000.0,2244000000.0,428000000.0,560000000.0,1031000000.0,2339000000.0,676000000.0,734000000.0,735000000.0,3017000000.0,659000000.0,652000000.0,751000000.0,2737000000.0,676000000.0
net_income,6038000000.0,6890000000.0,1476000000.0,1546000000.0,1798000000.0,6342000000.0,1703000000.0,1982000000.0,1822000000.0,7259000000.0,1919000000.0,2409000000.0,2377000000.0,8591000000.0,2161000000.0,2317000000.0,2227000000.0,8800000000.0,2125000000.0,2124000000.0,2340000000.0,8576000000.0,1875000000.0,1851000000.0,2155000000.0,7493000000.0,1795000000.0,1887000000.0,1942000000.0,6873000000.0,1530000000.0,1788000000.0,1938000000.0,6967000000.0,1590000000.0,1781000000.0,1970000000.0,6035000000.0,1556000000.0,2198000000.0,2247000000.0,7911000000.0,1354000000.0,2319000000.0,1896000000.0,7185000000.0,1826000000.0,1947000000.0,2307000000.0,8056000000.0,2418000000.0,2172000000.0,2426000000.0,9109000000.0,2331000000.0,2233000000.0,2087000000.0,9048000000.0,1995000000.0,1568000000.0,2054000000.0,7813000000.0,2148000000.0,2406000000.0,3082000000.0,7057000000.0,2690000000.0,3039000000.0,3478000000.0,11348000000.0,2438000000.0
basic_eps,2.86,3.32,0.74,0.79,0.93,3.25,0.9,1.07,0.99,3.93,1.06,1.35,1.35,4.85,1.25,1.36,1.32,5.17,1.28,1.3,1.44,5.26,1.18,1.17,1.38,4.76,1.16,1.21,1.25,4.42,0.98,1.15,1.25,4.48,1.02,1.14,1.27,3.88,1.0,1.41,1.44,5.08,0.87,1.49,1.22,4.61,1.17,1.25,1.48,5.16,1.55,1.39,1.55,5.83,1.5,1.44,1.34,5.82,1.28,1.01,1.32,5.02,1.38,1.54,1.98,4.53,1.72,1.95,2.23,7.27,1.56
diluted_eps,2.86,3.31,0.74,0.79,0.93,3.24,0.9,1.07,0.99,3.92,1.06,1.35,1.35,4.85,1.25,1.36,1.32,5.17,1.28,1.3,1.44,5.26,1.18,1.17,1.38,4.76,1.16,1.21,1.25,4.42,0.98,1.15,1.25,4.48,1.02,1.14,1.27,3.88,1.0,1.41,1.44,5.08,0.87,1.49,1.22,4.61,1.17,1.25,1.48,5.16,1.55,1.39,1.55,5.83,1.5,1.43,1.34,5.81,1.28,1.01,1.32,5.02,1.38,1.54,1.97,4.52,1.72,1.95,2.23,7.26,1.56
cash_and_cash_equivalents,1501000000.0,1531000000.0,2361000000.0,2602000000.0,1602000000.0,1540000000.0,850000000.0,1584000000.0,3507000000.0,1703000000.0,1322000000.0,2178000000.0,3391000000.0,2550000000.0,3576000000.0,3846000000.0,4817000000.0,2983000000.0,3981000000.0,3586000000.0,3382000000.0,2154000000.0,1823000000.0,1541000000.0,2043000000.0,1682000000.0,1524000000.0,1838000000.0,2393000000.0,3466000000.0,2944000000.0,3814000000.0,4884000000.0,4331000000.0,5206000000.0,6287000000.0,7735000000.0,8476000000.0,7231000000.0,6622000000.0,5913000000.0,6620000000.0,3086000000.0,4013000000.0,6511000000.0,6865000000.0,3750000000.0,4207000000.0,4827000000.0,7285000000.0,3906000000.0,4920000000.0,4800000000.0,4500000000.0,4626000000.0,5043000000.0,5374000000.0,3217000000.0,2446000000.0,3512000000.0,3034000000.0,3146000000.0,4099000000.0,4876000000.0,4301000000.0,4254000000.0,4476000000.0,4138000000.0,4037000000.0,4872000000.0,5450000000.0
marketable_securities,,,,,,,,,,,,,,,,,,,,,,,,,,,,,,,,,,,,,,,,,,,,,,,,,,,,,,,,,,,,,,,,,,,,,,,
accounts_receivable,,2848000000.0,,3171000000.0,3048000000.0,3098000000.0,3186000000.0,3232000000.0,3022000000.0,3009000000.0,2991000000.0,3443000000.0,3242000000.0,3201000000.0,3472000000.0,3553000000.0,3562000000.0,3589000000.0,3591000000.0,3964000000.0,3659000000.0,3853000000.0,3408000000.0,4081000000.0,3785000000.0,4004000000.0,3741000000.0,3619000000.0,3322000000.0,2778000000.0,2989000000.0,3085000000.0,3100000000.0,3499000000.0,3090000000.0,3648000000.0,3985000000.0,3194000000.0,3373000000.0,2936000000.0,2936000000.0,2950000000.0,2958000000.0,3506000000.0,3073000000.0,3080000000.0,2785000000.0,3344000000.0,3080000000.0,2905000000.0,3303000000.0,3536000000.0,3379000000.0,3123000000.0,3650000000.0,3822000000.0,3862000000.0,3850000000.0,3642000000.0,4110000000.0,3891000000.0,3461000000.0,4188000000.0,4240000000.0,4239000000.0,3789000000.0,4880000000.0,4994000000.0,4796000000.0,4572000000.0,5120000000.0
inventory,,9664000000.0,,8229000000.0,8877000000.0,9207000000.0,8279000000.0,7502000000.0,8248000000.0,8317000000.0,8271000000.0,7904000000.0,7453000000.0,8120000000.0,7311000000.0,7312000000.0,8243000000.0,8949000000.0,7976000000.0,8217000000.0,8026000000.0,9846000000.0,8724000000.0,8271000000.0,7979000000.0,8592000000.0,7552000000.0,7207000000.0,7207000000.0,8473000000.0,8699000000.0,7989000000.0,7486000000.0,9017000000.0,8007000000.0,7730000000.0,8283000000.0,8806000000.0,8592000000.0,8925000000.0,8440000000.0,8804000000.0,8318000000.0,8255000000.0,8529000000.0,9235000000.0,9045000000.0,8968000000.0,8160000000.0,9591000000.0,9019000000.0,8690000000.0,8173000000.0,8720000000.0,8684000000.0,7551000000.0,7153000000.0,9886000000.0,10712000000.0,9900000000.0,9645000000.0,10774000000.0,9970000000.0,9382000000.0,9355000000.0,9453000000.0,10127000000.0,10728000000.0,10267000000.0,11478000000.0,11392000000.0
prepaid_expenses,,,,,,,,,,,,,,,,,,,,,,,,,,,,,,,,,,,,,,,,,,,,,,,,,,,,,,,,,,,,,,,,,,,,,,,
total_current_assets,,14939000000.0,,14731000000.0,14277000000.0,14682000000.0,13078000000.0,12924000000.0,15482000000.0,13756000000.0,13393000000.0,14333000000.0,15090000000.0,14859000000.0,15338000000.0,15561000000.0,17600000000.0,16590000000.0,16661000000.0,16755000000.0,16016000000.0,16852000000.0,14825000000.0,14710000000.0,14761000000.0,15484000000.0,14275000000.0,13772000000.0,14112000000.0,15804000000.0,15928000000.0,16046000000.0,16574000000.0,17608000000.0,16884000000.0,18432000000.0,20859000000.0,21594000000.0,20593000000.0,20028000000.0,18538000000.0,19442000000.0,15741000000.0,17163000000.0,19575000000.0,20514000000.0,16861000000.0,17776000000.0,17453000000.0,21492000000.0,17910000000.0,18743000000.0,17846000000.0,17717000000.0,18724000000.0,18376000000.0,19035000000.0,19619000000.0,19571000000.0,19836000000.0,19193000000.0,19755000000.0,20874000000.0,21028000000.0,20796000000.0,20170000000.0,22196000000.0,23364000000.0,22665000000.0,24363000000.0,25602000000.0
property_plant_equipment,,6348000000.0,,6121000000.0,6358000000.0,6390000000.0,6530000000.0,6162000000.0,6587000000.0,6499000000.0,6678000000.0,6793000000.0,6411000000.0,6250000000.0,6445000000.0,6161000000.0,6364000000.0,6645000000.0,6473000000.0,6396000000.0,6583000000.0,6755000000.0,6670000000.0,6648000000.0,6273000000.0,6071000000.0,5697000000.0,5815000000.0,5600000000.0,5721000000.0,5865000000.0,5931000000.0,6133000000.0,6064000000.0,6264000000.0,6629000000.0,6857000000.0,7271000000.0,7459000000.0,7113000000.0,7138000000.0,7201000000.0,6894000000.0,6917000000.0,6636000000.0,6631000000.0,6107000000.0,6184000000.0,6134000000.0,6365000000.0,5952000000.0,,,,,,,,,,,,,,,,,,,,
operating_lease_rou_assets,,,,,,,,,,,,,,,,,,,,,,,,,,,,,,,,,,,,,,,,,,,707000000.0,710000000.0,716000000.0,221000000.0,,,,149000000.0,,,,64000000.0,,,,255000000.0,,,,205000000.0,,,,585000000.0,,,,679000000.0,
goodwill,,8015000000.0,,8414000000.0,8992000000.0,9112000000.0,9974000000.0,9790000000.0,10195000000.0,10161000000.0,10537000000.0,10652000000.0,10087000000.0,9928000000.0,10087000000.0,9737000000.0,9903000000.0,9900000000.0,9765000000.0,9529000000.0,9177000000.0,8893000000.0,9009000000.0,9085000000.0,8707000000.0,8388000000.0,7920000000.0,7914000000.0,7404000000.0,7415000000.0,7683000000.0,7622000000.0,7646000000.0,7324000000.0,7485000000.0,7614000000.0,7681000000.0,7666000000.0,7667000000.0,7312000000.0,7271000000.0,7189000000.0,5775000000.0,5828000000.0,5720000000.0,5858000000.0,5284000000.0,5653000000.0,5647000000.0,5964000000.0,5768000000.0,5842000000.0,6814000000.0,6680000000.0,6632000000.0,6318000000.0,6127000000.0,19655000000.0,19866000000.0,19236000000.0,16509000000.0,16779000000.0,16458000000.0,16819000000.0,17144000000.0,16600000000.0,16864000000.0,17225000000.0,17181000000.0,17264000000.0,17069000000.0
intangible_assets,,3084000000.0,,3321000000.0,3494000000.0,3546000000.0,3877000000.0,3779000000.0,3868000000.0,3873000000.0,3977000000.0,4020000000.0,3774000000.0,3697000000.0,3753000000.0,3614000000.0,3651000000.0,3619000000.0,3597000000.0,3472000000.0,3290000000.0,3193000000.0,3234000000.0,3209000000.0,3134000000.0,2985000000.0,2855000000.0,2807000000.0,2621000000.0,2623000000.0,2664000000.0,2603000000.0,2578000000.0,2470000000.0,2517000000.0,2527000000.0,2501000000.0,2432000000.0,2455000000.0,2336000000.0,2317000000.0,2278000000.0,2129000000.0,2130000000.0,2088000000.0,2113000000.0,1850000000.0,1948000000.0,1926000000.0,2019000000.0,1952000000.0,1958000000.0,2893000000.0,2818000000.0,2786000000.0,2656000000.0,2224000000.0,6732000000.0,6732000000.0,6630000000.0,9579000000.0,9864000000.0,9448000000.0,12171000000.0,11916000000.0,11327000000.0,11345000000.0,11382000000.0,11146000000.0,10884000000.0,10512000000.0
total_assets,,32972000000.0,,33127000000.0,33705000000.0,34552000000.0,34173000000.0,33324000000.0,36879000000.0,35050000000.0,35554000000.0,36794000000.0,36220000000.0,35488000000.0,36399000000.0,35798000000.0,38309000000.0,37670000000.0,37418000000.0,37140000000.0,36795000000.0,38168000000.0,36137000000.0,36325000000.0,35401000000.0,35187000000.0,33255000000.0,32713000000.0,32011000000.0,33956000000.0,34621000000.0,34802000000.0,35577000000.0,36851000000.0,36627000000.0,38660000000.0,41951000000.0,42968000000.0,43070000000.0,40721000000.0,39380000000.0,39801000000.0,38042000000.0,39923000000.0,41420000000.0,42875000000.0,37494000000.0,39162000000.0,39129000000.0,44815000000.0,39804000000.0,40686000000.0,41589000000.0,41290000000.0,41733000000.0,40960000000.0,40717000000.0,61681000000.0,62060000000.0,61868000000.0,62927000000.0,65304000000.0,65315000000.0,65782000000.0,66892000000.0,61784000000.0,65079000000.0,68506000000.0,67061000000.0,69185000000.0,68913000000.0
accounts_payable,,1013000000.0,,774000000.0,1040000000.0,670000000.0,956000000.0,871000000.0,1064000000.0,835000000.0,964000000.0,1027000000.0,1121000000.0,1031000000.0,1044000000.0,1019000000.0,1127000000.0,1103000000.0,967000000.0,1045000000.0,1125000000.0,1274000000.0,1064000000.0,1109000000.0,1255000000.0,1242000000.0,1038000000.0,1089000000.0,1237000000.0,1289000000.0,1496000000.0,1547000000.0,1573000000.0,1666000000.0,1746000000.0,1909000000.0,1973000000.0,2242000000.0,2156000000.0,1953000000.0,1662000000.0,2068000000.0,1812000000.0,1708000000.0,1704000000.0,2299000000.0,2073000000.0,1991000000.0,2155000000.0,2780000000.0,2537000000.0,2630000000.0,2810000000.0,3331000000.0,3203000000.0,3279000000.0,3342000000.0,4076000000.0,3945000000.0,3786000000.0,3533000000.0,4143000000.0,3648000000.0,3591000000.0,3511000000.0,3952000000.0,3749000000.0,3870000000.0,3978000000.0,4407000000.0,3927000000.0
accrued_liabilities,,665000000.0,,,653000000.0,752000000.0,599000000.0,627000000.0,755000000.0,739000000.0,678000000.0,719000000.0,805000000.0,894000000.0,776000000.0,769000000.0,876000000.0,896000000.0,797000000.0,806000000.0,865000000.0,949000000.0,942000000.0,1267000000.0,1251000000.0,1135000000.0,848000000.0,834000000.0,802000000.0,903000000.0,735000000.0,735000000.0,812000000.0,800000000.0,719000000.0,743000000.0,825000000.0,856000000.0,770000000.0,736000000.0,808000000.0,794000000.0,713000000.0,748000000.0,813000000.0,1042000000.0,783000000.0,928000000.0,981000000.0,1189000000.0,939000000.0,1016000000.0,1058000000.0,1146000000.0,864000000.0,911000000.0,968000000.0,1168000000.0,939000000.0,1023000000.0,1131000000.0,1262000000.0,925000000.0,1052000000.0,1235000000.0,1305000000.0,1016000000.0,1252000000.0,1402000000.0,1545000000.0,1227000000.0
deferred_revenue_current,,,,,,,,,,,,,,,,,,,,,,,,,,,,,,,,,,,,,,,,,,,,,,,,,,,,,,,,,,,,,,,,,,,,,,,
short_term_debt,,209000000.0,,195000000.0,197000000.0,82000000.0,151000000.0,78000000.0,1436000000.0,1385000000.0,3237000000.0,3314000000.0,2326000000.0,1511000000.0,1410000000.0,2694000000.0,2141000000.0,2419000000.0,1539000000.0,2684000000.0,3668000000.0,2400000000.0,3284000000.0,1941000000.0,2091000000.0,1208000000.0,3384000000.0,1710000000.0,1007000000.0,825000000.0,673000000.0,696000000.0,710000000.0,643000000.0,1004000000.0,898000000.0,2905000000.0,499000000.0,608000000.0,592000000.0,545000000.0,730000000.0,1551000000.0,269000000.0,355000000.0,338000000.0,1438000000.0,281000000.0,152000000.0,244000000.0,192000000.0,136000000.0,223000000.0,225000000.0,2441000000.0,1558000000.0,2818000000.0,5637000000.0,4803000000.0,4121000000.0,2149000000.0,1968000000.0,279000000.0,139000000.0,152000000.0,137000000.0,4438000000.0,2540000000.0,1880000000.0,168000000.0,5693000000.0
operating_lease_liabilities_current,,,,,,,,,,,,,,,,,,,,,,,,,,,,,,,,,,,,,,,,,,,180000000.0,184000000.0,183000000.0,194000000.0,,,,190000000.0,,,,192000000.0,,,,178000000.0,,,,197000000.0,,,,177000000.0,,,,207000000.0,
total_current_liabilities,,10144000000.0,,9666000000.0,9838000000.0,11178000000.0,9580000000.0,9989000000.0,13713000000.0,12804000000.0,14343000000.0,14763000000.0,16050000000.0,14794000000.0,15283000000.0,16830000000.0,16726000000.0,17016000000.0,14509000000.0,14706000000.0,16018000000.0,17066000000.0,13971000000.0,13580000000.0,15117000000.0,15112000000.0,14980000000.0,15386000000.0,14102000000.0,15386000000.0,14091000000.0,12672000000.0,14258000000.0,16467000000.0,13355000000.0,17243000000.0,18514000000.0,15962000000.0,17688000000.0,17441000000.0,15599000000.0,17191000000.0,18486000000.0,18046000000.0,18045000000.0,18833000000.0,16584000000.0,15792000000.0,15525000000.0,19615000000.0,15215000000.0,15884000000.0,17877000000.0,19255000000.0,20417000000.0,20547000000.0,20772000000.0,27336000000.0,22985000000.0,23245000000.0,21547000000.0,26383000000.0,22168000000.0,22416000000.0,23366000000.0,22915000000.0,28087000000.0,28148000000.0,26719000000.0,25427000000.0,26222000000.0
long_term_debt,,11377000000.0,,13480000000.0,13741000000.0,13672000000.0,14809000000.0,14296000000.0,13595000000.0,13370000000.0,11885000000.0,13037000000.0,12870000000.0,14828000000.0,15346000000.0,14824000000.0,17520000000.0,17639000000.0,20796000000.0,21559000000.0,21877000000.0,24023000000.0,25989000000.0,27161000000.0,25395000000.0,26929000000.0,25572000000.0,24566000000.0,25800000000.0,25250000000.0,26683000000.0,28098000000.0,26960000000.0,25851000000.0,28588000000.0,26595000000.0,28065000000.0,31334000000.0,29578000000.0,28048000000.0,28179000000.0,26975000000.0,23131000000.0,24858000000.0,26426000000.0,26656000000.0,24999000000.0,27043000000.0,27346000000.0,28168000000.0,27276000000.0,27414000000.0,25768000000.0,24783000000.0,24019000000.0,22345000000.0,21762000000.0,34875000000.0,40416000000.0,41400000000.0,42914000000.0,41243000000.0,44683000000.0,44647000000.0,44237000000.0,42166000000.0,38781000000.0,42431000000.0,41863000000.0,45134000000.0,43808000000.0
operating_lease_liabilities_noncurrent,,,,,,,,,,,,,,,,,,,,,,,,,,,,,,,,,,,,,,,,,,,526000000.0,524000000.0,529000000.0,569000000.0,,,,517000000.0,,,,344000000.0,,,,436000000.0,,,,456000000.0,,,,427000000.0,,,,526000000.0,
deferred_tax_liabilities,,1401000000.0,,1449000000.0,1513000000.0,1688000000.0,1701000000.0,1953000000.0,1892000000.0,2027000000.0,2051000000.0,2067000000.0,1983000000.0,1976000000.0,2007000000.0,1964000000.0,1902000000.0,1875000000.0,1873000000.0,1842000000.0,1807000000.0,1477000000.0,1491000000.0,1520000000.0,1709000000.0,1549000000.0,1975000000.0,1799000000.0,1614000000.0,1543000000.0,1378000000.0,1463000000.0,1376000000.0,2132000000.0,,,,818000000.0,,,,1010000000.0,,,,1148000000.0,,,,885000000.0,,,,1083000000.0,,,,2033000000.0,,,,2792000000.0,,,,2773000000.0,,,,2912000000.0,
total_liabilities,,25068000000.0,,26440000000.0,26991000000.0,28407000000.0,27808000000.0,27774000000.0,30757000000.0,29929000000.0,30042000000.0,31614000000.0,32566000000.0,33725000000.0,34784000000.0,35652000000.0,38193000000.0,39523000000.0,40150000000.0,41069000000.0,42703000000.0,44442000000.0,43294000000.0,44172000000.0,44078000000.0,46390000000.0,45501000000.0,44511000000.0,44237000000.0,45432000000.0,45515000000.0,45601000000.0,45894000000.0,47751000000.0,47184000000.0,48937000000.0,51584000000.0,53198000000.0,53552000000.0,50889000000.0,49322000000.0,50540000000.0,48227000000.0,49332000000.0,50575000000.0,52474000000.0,48557000000.0,49282000000.0,49374000000.0,55446000000.0,49378000000.0,49886000000.0,50221000000.0,49498000000.0,49936000000.0,48220000000.0,48120000000.0,67992000000.0,69113000000.0,69828000000.0,70633000000.0,74750000000.0,73878000000.0,73724000000.0,74605000000.0,71654000000.0,74005000000.0,78518000000.0,76045000000.0,77213000000.0,76213000000.0
retained_earnings,,13354000000.0,,14251000000.0,14936000000.0,15358000000.0,15977000000.0,16888000000.0,17539000000.0,18133000000.0,18903000000.0,20178000000.0,21208000000.0,21757000000.0,22592000000.0,23599000000.0,24394000000.0,25076000000.0,25800000000.0,26537000000.0,27359000000.0,27843000000.0,28228000000.0,28601000000.0,29192000000.0,29249000000.0,29489000000.0,29822000000.0,30178000000.0,29842000000.0,29785000000.0,29985000000.0,30305000000.0,30397000000.0,30367000000.0,30528000000.0,30831000000.0,29859000000.0,29985000000.0,30406000000.0,30877000000.0,31014000000.0,30588000000.0,31128000000.0,31197000000.0,30987000000.0,30984000000.0,31103000000.0,31537000000.0,31638000000.0,32178000000.0,32465000000.0,32935000000.0,33082000000.0,33468000000.0,33755000000.0,33865000000.0,34289000000.0,34303000000.0,33893000000.0,33919000000.0,34090000000.0,34208000000.0,34582000000.0,35556000000.0,32869000000.0,33447000000.0,34376000000.0,35557000000.0,35400000000.0,35538000000.0
treasury_stock,,5154000000.0,,7612000000.0,9025000000.0,10228000000.0,11788000000.0,12789000000.0,13723000000.0,14712000000.0,15899000000.0,17406000000.0,18853000000.0,19900000000.0,21288000000.0,22822000000.0,24325000000.0,26282000000.0,27660000000.0,29194000000.0,30647000000.0,32142000000.0,33236000000.0,34228000000.0,34974000000.0,35762000000.0,35628000000.0,35623000000.0,35616000000.0,35613000000.0,35498000000.0,35493000000.0,35492000000.0,35490000000.0,35386000000.0,35383000000.0,35383000000.0,35382000000.0,35308000000.0,35306000000.0,35304000000.0,35301000000.0,35226000000.0,35224000000.0,35222000000.0,35220000000.0,35146000000.0,35135000000.0,35133000000.0,35129000000.0,35060000000.0,35056000000.0,35147000000.0,35836000000.0,35924000000.0,35921000000.0,35918000000.0,35917000000.0,35801000000.0,35791000000.0,35788000000.0,35785000000.0,35657000000.0,35645000000.0,35641000000.0,35640000000.0,35557000000.0,35553000000.0,35551000000.0,35551000000.0,35462000000.0
accumulated_other_comprehensive_income,,-2281000000.0,,-1719000000.0,-1019000000.0,-817000000.0,-553000000.0,-1301000000.0,-520000000.0,-1140000000.0,-146000000.0,-262000000.0,-1425000000.0,-2863000000.0,-2367000000.0,-3376000000.0,-2835000000.0,-3604000000.0,-3720000000.0,-4115000000.0,-4820000000.0,-4190000000.0,-4213000000.0,-4314000000.0,-5022000000.0,-6826000000.0,-8090000000.0,-8107000000.0,-8927000000.0,-9402000000.0,-8914000000.0,-8955000000.0,-8889000000.0,-9559000000.0,-9265000000.0,-9070000000.0,-8797000000.0,-8535000000.0,-8883000000.0,-8908000000.0,-9199000000.0,-10111000000.0,-9237000000.0,-9051000000.0,-8966000000.0,-9363000000.0,-10774000000.0,-10009000000.0,-10567000000.0,-11181000000.0,-10746000000.0,-10665000000.0,-10520000000.0,-9577000000.0,-9760000000.0,-9043000000.0,-9288000000.0,-9559000000.0,-9614000000.0,-10045000000.0,-9817000000.0,-11815000000.0,-11065000000.0,-10930000000.0,-11892000000.0,-11314000000.0,-11117000000.0,-13153000000.0,-13320000000.0,-12296000000.0,-11788000000.0
total_equity,16013000000.0,7904000000.0,6152000000.0,6687000000.0,6714000000.0,6145000000.0,5194000000.0,4377000000.0,4923000000.0,3933000000.0,4310000000.0,3976000000.0,2438000000.0,551000000.0,378000000.0,-1116000000.0,-1160000000.0,-3154000000.0,-4055000000.0,-5225000000.0,-7191000000.0,-6274000000.0,-7157000000.0,-7847000000.0,-8677000000.0,-11203000000.0,-12246000000.0,-11798000000.0,-12226000000.0,-11476000000.0,-10894000000.0,-10799000000.0,-10317000000.0,-10900000000.0,-10557000000.0,-10277000000.0,-9633000000.0,-10230000000.0,-10482000000.0,-10168000000.0,-9942000000.0,-10739000000.0,-10185000000.0,-9409000000.0,-9155000000.0,-9599000000.0,-11063000000.0,-10120000000.0,-10245000000.0,-10631000000.0,-9574000000.0,-9200000000.0,-8632000000.0,-8208000000.0,-8203000000.0,-7260000000.0,-7403000000.0,-6311000000.0,-7053000000.0,-7960000000.0,-7706000000.0,-9446000000.0,-8563000000.0,-7942000000.0,-7713000000.0,-9870000000.0,-8926000000.0,-10012000000.0,-10914000000.0,-9994000000.0,-9279000000.0
cash_flow_from_operations,5550000000.0,7935000000.0,1427000000.0,,,7884000000.0,1974000000.0,,,9437000000.0,2395000000.0,,,10529000000.0,1898000000.0,,,9421000000.0,1363000000.0,,,10135000000.0,715000000.0,,,7739000000.0,-375000000.0,,,7865000000.0,462000000.0,,,8077000000.0,843000000.0,,,8912000000.0,1380000000.0,,,9478000000.0,1241000000.0,,,10090000000.0,1111000000.0,,,9812000000.0,435000000.0,,,11967000000.0,1118000000.0,,,10803000000.0,-955000000.0,,,9204000000.0,241000000.0,,,12217000000.0,-350000000.0,,,12233000000.0,-399000000.0
stock_based_compensation,,,,,,,,,,47.54,,,,,,,,,,,,,,,,,,,,,,,,,,,,,,,,,,,,,,,,,,,,,,,,,,,,,,,,,,,,,
depreciation_amortization_cf,748000000.0,842000000.0,193000000.0,,,853000000.0,223000000.0,,,932000000.0,239000000.0,,,993000000.0,227000000.0,,,898000000.0,222000000.0,,,882000000.0,211000000.0,,,889000000.0,192000000.0,,,754000000.0,175000000.0,,,743000000.0,197000000.0,,,875000000.0,242000000.0,,,989000000.0,240000000.0,,,964000000.0,241000000.0,,,981000000.0,245000000.0,,,998000000.0,253000000.0,,,1077000000.0,,,,1398000000.0,367000000.0,445000000.0,498000000.0,1787000000.0,480000000.0,490000000.0,505000000.0,1996000000.0,510000000.0
capital_expenditure,1072000000.0,1099000000.0,145000000.0,,,715000000.0,150000000.0,,,713000000.0,159000000.0,,,897000000.0,227000000.0,,,1056000000.0,240000000.0,,,1200000000.0,256000000.0,,,1153000000.0,203000000.0,,,960000000.0,226000000.0,,,1172000000.0,292000000.0,,,1548000000.0,365000000.0,,,1436000000.0,324000000.0,,,852000000.0,170000000.0,,,602000000.0,179000000.0,,,748000000.0,229000000.0,,,1077000000.0,279000000.0,,,1321000000.0,417000000.0,,,1444000000.0,404000000.0,,,1569000000.0,353000000.0
cash_flow_from_investing,-2586000000.0,-3161000000.0,-188000000.0,,,-1098000000.0,-104000000.0,,,-710000000.0,-175000000.0,,,-1032000000.0,-224000000.0,,,-992000000.0,-222000000.0,,,-2680000000.0,-208000000.0,,,-996000000.0,68000000.0,,,-708000000.0,-419000000.0,,,-834000000.0,-543000000.0,,,-3083000000.0,-1018000000.0,,,-998000000.0,-1596000000.0,,,-1811000000.0,514000000.0,,,-1154000000.0,55000000.0,,,-2358000000.0,-196000000.0,,,-15679000000.0,-591000000.0,,,-3598000000.0,-193000000.0,,,-1092000000.0,-434000000.0,,,-3967000000.0,-3000000.0
cash_flow_from_financing,-3594000000.0,-4178000000.0,-282000000.0,,,-6911000000.0,-2512000000.0,,,-8578000000.0,-2659000000.0,,,-8338000000.0,-783000000.0,,,-8100000000.0,-53000000.0,,,-8215000000.0,-805000000.0,,,-6839000000.0,525000000.0,,,-4736000000.0,-593000000.0,,,-5413000000.0,341000000.0,,,-2769000000.0,-1738000000.0,,,-9651000000.0,-3151000000.0,,,-8061000000.0,-4549000000.0,,,-8496000000.0,-3649000000.0,,,-11977000000.0,-701000000.0,,,3806000000.0,864000000.0,,,-5582000000.0,1135000000.0,,,-9481000000.0,671000000.0,,,-8132000000.0,1096000000.0
dividends_paid,0.0,2060000000.0,1089000000.0,,,4327000000.0,1098000000.0,,,4423000000.0,1159000000.0,,,4788000000.0,1338000000.0,,,5404000000.0,1414000000.0,,,5720000000.0,1503000000.0,,,6035000000.0,1555000000.0,,,6250000000.0,1585000000.0,,,6378000000.0,1618000000.0,,,6520000000.0,1659000000.0,,,6885000000.0,1780000000.0,,,7161000000.0,1828000000.0,,,7364000000.0,1879000000.0,,,7580000000.0,1952000000.0,,,7812000000.0,1987000000.0,,,7964000000.0,2037000000.0,,,8197000000.0,2116000000.0,,,8624000000.0,2307000000.0
share_repurchase,0.0,5256000000.0,1376000000.0,,,5625000000.0,1724000000.0,,,5030000000.0,1308000000.0,,,5372000000.0,1427000000.0,,,6525000000.0,1453000000.0,,,5963000000.0,1241000000.0,,,3833000000.0,48000000.0,,,48000000.0,0.0,,,0.0,,,,0.0,,,,,,,,0.0,,,,0.0,0.0,,,775000000.0,209000000.0,,,209000000.0,0.0,,,0.0,,,,0.0,,,,,
shares_outstanding_basic,,2007263060.0,,1955000000.0,1927000000.0,1943000000.0,1874000000.0,1846000000.0,1828000000.0,1839000000.0,1793000000.0,1772000000.0,1749000000.0,1761000000.0,1719000000.0,1701000000.0,1683000000.0,1692000000.0,,,,1622000000.0,,,,,,,,1549000000.0,1550000000.0,1551000000.0,1551000000.0,1551000000.0,1552000000.0,1553000000.0,1553000000.0,1552000000.0,1553000000.0,1555000000.0,1555000000.0,1555000000.0,1555000000.0,1556000000.0,1556000000.0,1555000000.0,1557000000.0,1558000000.0,1558000000.0,1557000000.0,1558000000.0,1558000000.0,1558000000.0,1558000000.0,1550000000.0,1551000000.0,1550000000.0,1550000000.0,1552000000.0,1552000000.0,1552000000.0,1552000000.0,1553000000.0,1555000000.0,1555000000.0,1554000000.0,1556000000.0,1557000000.0,1557000000.0,1556000000.0,1558000000.0
shares_outstanding_diluted,,2076000000.0,,1961000000.0,1934000000.0,1950000000.0,1878000000.0,1849000000.0,1830000000.0,1842000000.0,1794000000.0,1772000000.0,1749000000.0,1762000000.0,1719000000.0,1701000000.0,1683000000.0,1692000000.0,,,,1622000000.0,,,,,,,,1549000000.0,1550000000.0,1551000000.0,1551000000.0,1551000000.0,1553000000.0,1554000000.0,1554000000.0,1553000000.0,1554000000.0,1555000000.0,1555000000.0,1555000000.0,1556000000.0,1556000000.0,1556000000.0,1556000000.0,1558000000.0,1558000000.0,1558000000.0,1558000000.0,1560000000.0,1560000000.0,1560000000.0,1559000000.0,1552000000.0,1552000000.0,1552000000.0,1552000000.0,1553000000.0,1553000000.0,1554000000.0,1553000000.0,1555000000.0,1556000000.0,1556000000.0,1556000000.0,1557000000.0,1558000000.0,1558000000.0,1558000000.0,1559000000.0
total_debt,,11586000000.0,,13675000000.0,13938000000.0,13754000000.0,14960000000.0,14374000000.0,15031000000.0,14755000000.0,15122000000.0,16351000000.0,15196000000.0,16339000000.0,16756000000.0,17518000000.0,19661000000.0,20058000000.0,22335000000.0,24243000000.0,25545000000.0,26423000000.0,29273000000.0,29102000000.0,27486000000.0,28137000000.0,28956000000.0,26276000000.0,26807000000.0,26075000000.0,27356000000.0,28794000000.0,27670000000.0,26494000000.0,29592000000.0,27493000000.0,30970000000.0,31833000000.0,30186000000.0,28640000000.0,28724000000.0,27705000000.0,24682000000.0,25127000000.0,26781000000.0,26994000000.0,26437000000.0,27324000000.0,27498000000.0,28412000000.0,27468000000.0,27550000000.0,25991000000.0,25008000000.0,26460000000.0,23903000000.0,24580000000.0,40512000000.0,45219000000.0,45521000000.0,45063000000.0,43211000000.0,44962000000.0,44786000000.0,44389000000.0,42303000000.0,43219000000.0,44971000000.0,43743000000.0,45302000000.0,49501000000.0
current_stock_price,,19.39,16.08,19.97,22.58,22.59,24.72,22.0,27.2,28.73,32.54,33.42,31.6,40.16,45.74,45.45,47.28,44.03,49.26,46.48,46.96,47.78,45.42,47.27,47.31,46.76,43.8,47.18,47.29,53.02,59.79,62.62,60.47,57.56,71.68,75.21,71.77,68.99,65.6,54.04,55.35,46.02,61.7,55.64,54.69,62.13,54.23,52.9,57.52,64.42,69.98,79.11,76.59,77.81,77.98,83.0,70.77,87.39,85.1,86.56,83.25,85.77,84.68,94.88,114.94,115.21,153.3,177.22,157.83,158.98,165.34
market_cap,,40253373435.97412,,39165735572.81494,43673109870.910645,44052631473.54126,46430412883.75855,40684284557.34253,49776884479.52271,52916713680.26733,58383139846.80176,59217505859.375,55261034883.499146,70755406600.95215,78625515323.63892,77308997806.54907,79574292388.91602,74504954223.63281,,,,77493447013.85498,,,,,,,,82130421112.06055,92677800750.73242,97125487987.51833,93789480720.52002,89276857864.37988,111326493148.80373,116883143966.6748,111527954589.84377,107134914489.7461,101949878814.69728,84036365585.32715,86071341571.80786,71555186653.1372,96000114318.84766,86578889984.13086,85095174560.54688,96676851806.64062,84489744956.97021,82424157562.25586,89620695449.8291,100373512878.41795,109171971130.3711,123409779968.26172,119487618713.3789,121305322319.03076,121028647705.07812,128809013916.01562,109835792602.53906,135624080932.6172,132155321281.4331,134430069595.33691,129366136962.89062,133195070137.02393,131681683273.31544,147627529998.7793,178851594146.72852,179273774536.1328,238685135009.7656,276111329406.7383,245897193450.92773,247692069549.56052,257765054290.77148
enterprise_value,,50308373435.97412,,50238735572.81494,56009109870.910645,56266631473.54126,60540412883.75855,53474284557.34253,61300884479.52271,65968713680.26733,72183139846.80176,73390505859.375,67066034883.499146,84544406600.95215,91805515323.63892,90980997806.54909,94418292388.91602,91579954223.6328,,,,101762447013.85498,,,,,,,,104739421112.06056,117089800750.73242,122105487987.51833,116575480720.52002,111439857864.37988,135712493148.80373,138089143966.6748,134762954589.84377,130491914489.7461,124904878814.69728,106054365585.32716,108882341571.80786,92640186653.1372,117596114318.84766,107692889984.13086,105365174560.54688,116805851806.64062,107176744956.9702,105541157562.25586,112291695449.8291,121500512878.41795,132733971130.3711,146039779968.26172,140678618713.3789,141813322319.03076,142862647705.07812,147669013916.01562,129041792602.53906,172919080932.6172,174928321281.4331,176439069595.3369,171395136962.89062,173260070137.02393,172544683273.31543,187537529998.7793,218939594146.7285,217322774536.1328,277428135009.7656,316944329406.7383,285603193450.92773,288122069549.56055,301816054290.7715
beta_3y,,,0.6547,0.6308,0.6326,0.6327,0.6404,0.6435,0.6451,0.6465,0.6501,0.6565,0.6486,0.5435,0.6189,0.6678,0.6675,0.6738,0.6585,0.6668,0.6686,0.6607,0.6853,0.6715,0.684,0.7155,0.7295,0.7354,0.7506,0.7676,0.7107,0.6881,0.6999,0.7011,0.674,0.6877,0.685,0.6886,0.6461,0.667,0.6177,0.5076,0.5687,0.5507,0.5342,0.5338,0.841,0.8308,0.8098,0.804,0.8181,0.8077,0.8136,0.8375,0.7978,0.7391,0.7299,0.7236,0.5116,0.4488,0.4673,0.4671,0.4467,0.4429,0.4003,0.39,0.3803,0.3563,0.3055,0.199,0.1847
risk_free_rate,0.040349998474121,0.0224399995803833,0.0268499994277954,0.0352300000190734,0.033069999217987,0.0384299993515014,0.0383299994468689,0.0295099997520446,0.0251699995994567,0.033050000667572,0.034539999961853,0.031579999923706,0.0192400002479553,0.0187100005149841,0.0221600008010864,0.0165900003910064,0.0163699996471405,0.0175600004196166,0.0185199999809265,0.024779999256134,0.0261500000953674,0.0302600002288818,0.0272300004959106,0.0251600003242492,0.0250799989700317,0.0217000007629394,0.0193400001525878,0.0233500003814697,0.0205999994277954,0.0226900005340576,0.0178600001335144,0.0148800003528594,0.0160800004005432,0.0244600009918212,0.0239599990844726,0.0230200004577636,0.0232599997520446,0.0240499997138977,0.0274099993705749,0.0284899997711181,0.0305599999427795,0.0268600010871887,0.0241400003433227,0.02,0.0167499995231628,0.019190000295639,0.0069800001382827,0.0065299999713897,0.0067699998617172,0.0091699999570846,0.0174600005149841,0.01442999958992,0.0152900004386901,0.0151199996471405,0.0232699990272521,0.0297199988365173,0.0380399990081787,0.0387899994850158,0.0349399995803833,0.0381900000572204,0.0457299995422363,0.0386599993705749,0.042059998512268,0.0434299993515014,0.0380200004577636,0.0457299995422363,0.0424599981307983,0.0423000001907348,0.0414799976348876,0.0416300010681152,0.0431099987030029
wacc,,,,0.061,0.0596,0.0668,0.0647,0.0567,0.0532,0.064,0.063,0.0601,0.0482,0.047,0.0508,0.0476,0.0467,0.0504,,,,0.0571,,,,,,,,0.0568,0.0493,0.0455,0.0472,0.0552,0.0543,0.0545,0.0536,0.0529,0.0557,0.0572,0.0571,0.0461,0.0502,0.0452,0.0408,0.0428,0.0445,0.0434,0.0433,0.046,0.055,0.0523,0.0535,0.0546,0.0605,0.0649,0.0714,0.0677,0.0575,0.0569,0.0634,0.0559,0.0607,0.0624,0.0566,0.0625,0.0607,0.0598,0.0565,0.0515,0.052
ebitda,9642000000.0,11090000000.0,2513000000.0,2450000000.0,2868000000.0,10893000000.0,2938000000.0,2929000000.0,2858000000.0,12132000000.0,3246000000.0,3736000000.0,3702000000.0,14335000000.0,3630000000.0,3629000000.0,3647000000.0,14761000000.0,3613000000.0,3361000000.0,3622000000.0,14397000000.0,3162000000.0,2896000000.0,3368000000.0,12591000000.0,3063000000.0,2913000000.0,2978000000.0,11377000000.0,2648000000.0,2772000000.0,2996000000.0,11646000000.0,2613000000.0,2759000000.0,3109000000.0,12456000000.0,2668000000.0,3114000000.0,3176000000.0,12366000000.0,2290000000.0,3203000000.0,2803000000.0,11495000000.0,3030000000.0,2750000000.0,3261000000.0,12649000000.0,3689000000.0,3148000000.0,3473000000.0,13973000000.0,3551000000.0,3092000000.0,,13323000000.0,2812000000.0,,,12954000000.0,3412000000.0,3889000000.0,4152000000.0,15189000000.0,4024000000.0,4202000000.0,4768000000.0,16888000000.0,4403000000.0
free_cash_flow,4478000000.0,6836000000.0,1282000000.0,,,7169000000.0,1824000000.0,,,8724000000.0,2236000000.0,,,9632000000.0,1671000000.0,,,8365000000.0,1123000000.0,,,8935000000.0,459000000.0,,,6586000000.0,-578000000.0,,,6905000000.0,236000000.0,,,6905000000.0,551000000.0,,,7364000000.0,1015000000.0,,,8042000000.0,917000000.0,,,9238000000.0,941000000.0,,,9210000000.0,256000000.0,,,11219000000.0,889000000.0,,,9726000000.0,-1234000000.0,,,7883000000.0,-176000000.0,,,10773000000.0,-754000000.0,,,10664000000.0,-752000000.0
